t | output vector     | α-power | feedback α-power
--------------------------------------------------
1 | [1, 0, 1, 1, 1, 0] | α^41     | α^41
[25, 22, 13]
2 | [1, 0, 1, 1, 1, 0] | α^41     | α^41
[4, 34, 49, 61, 1]
3 | [0, 1, 0, 1, 0, 1] | α^53     | α^53
[55, 61, 34, 16, 1]
4 | [0, 0, 0, 0, 0, 1] | α^ 5     | α^5
[19, 46, 52, 16, 13]
5 | [1, 1, 1, 0, 0, 0] | α^26     | α^26
[4, 1, 52]
6 | [0, 0, 0, 1, 1, 0] | α^ 9     | α^9
[22, 43, 49]
7 | [1, 1, 1, 0, 0, 1] | α^47     | α^47
[22, 13, 16, 1, 32]
8 | [1, 0, 1, 0, 1, 1] | α^22     | α^22
[34, 28, 37, 47, 7]
9 | [0, 0, 0, 0, 1, 0] | α^ 4     | α^4
[20, 22, 45]
10 | [1, 1, 1, 0, 0, 0] | α^26     | α^26
[7, 32, 58, 60, 27]